25.51
26
26.86
24.78
23.19
22.83
23.93
26
27.47
26.86
26.37
25.39
24.66
24.54
23.19
22.09
21.73
21.48
21.61
21.36
21.36
22.09
23.19
24.17
24.9
25.63
26.61
24.9
23.44
23.19
24.78
26.37
27.34
27.1
26.73
25.76
24.54
24.17
22.46
22.09
21.73
21.48
21.73
21.61
23.19
23.32
24.17
25.51
26.12
26.37
27.34
25.15
23.93
23.8
24.9
26.49
27.47
27.1
26.98
26.37
25.39
24.9
23.8
22.95
22.09
22.46
22.58
22.34
23.32
24.41
24.66
25.27
25.51
25.63
25.76
23.19
22.09
21.97
23.19
24.54
27.22
27.1
26.98
26.61
26.12
25.76
25.15
24.41
23.8
23.44
23.68
23.8
24.05
24.17
23.44
21.97
21.24
21.61
21.36
20.75
19.78
18.92
18.43
18.55
19.53
20.87
21.61
21.61
21.85
21.97
21.85
21.73
21.61
21.73
21.73
22.09
22.34
22.83
23.19
22.83
22.22
21.85
21.36
20.51
19.9
19.16
18.55
18.8
20.26
21.61
21.97
21.73
21.48
21.61
21.36
20.87
20.75
20.87
21.12
21.36
21.85
23.07
24.17
25.27
25.88
26.25
26.61
24.66
23.56
23.56
24.17
25.88
27.34
26.61
26.25
26.12
25.02
23.68
23.32
22.46
21.85
21.85
22.58
21.97
22.58
23.44
24.54
25.63
26.25
26.61
27.47
25.15
23.56
22.95
23.68
25.02
26.86
26.86
26.73
26.12
25.02
24.66
23.8
22.58
21.97
22.09
22.22
22.34
22.83
23.68
24.54
25.15
25.63
26
26.73
24.9
23.8
23.8
24.66
25.88
26.86
26.61
26
25.02
24.17
23.68
22.58
21.73
21.24
21
21.12
21.24
21.73
22.83
24.05
24.9
25.63
26.12
26.12
24.17
23.19
23.19
24.41
26
27.34
26.73
26.37
25.63
24.9
24.41
23.32
22.46
21.85
21.73
21.73
21.85
22.58
23.32
24.29
25.27
25.15
25.27
24.54
22.58
21.97
21.73
22.71
24.05
26
26.12
25.88
25.76
25.15
25.02
24.05
23.44
23.07
22.83
22.83
23.19
23.44
23.56
22.34
21.24
20.51
20.14
19.65
18.92
18.07
17.46
16.97
17.21
18.55
19.65
20.39
21.12
21.36
21.48
21.48
21.12
21.12
21.36
21.73
22.09
21.12
22.95
22.71
22.09
21.61
21.24
21.12
20.75
19.65
18.68
17.7
18.07
19.41
20.63
20.87
20.75
20.51
20.51
20.39
20.14
20.02
20.02
20.14
20.75
21.61
22.71
23.93
24.78
25.39
25.88
26.86
24.66
23.68
23.32
24.41
25.63
26.86
26.73
26.25
25.63
25.02
24.41
19.16
17.94
17.46
17.46
17.94
18.07
18.43
18.92
19.65
19.9
20.87
25.27
25.63
23.44
22.71
22.46
23.93
25.51
26.98
26.86
26.61
26.37
24.54
23.68
20.14
20.14
19.41
19.16
19.16
18.92
19.41
19.78
20.02
20.14
20.26
20.51
20.75
20.14
20.63
20.87
23.68
25.02
26.61
26.98
27.1
27.1
26.49
25.02
25.15
24.78
24.29
23.93
23.68
23.8
24.17
24.78
24.9
24.66
24.54
24.41
24.17
22.34
21.36
21.36
22.71
23.8
25.27
25.63
26
26.73
26.98
26.73
25.88
25.15
24.54
24.41
22.58
24.41
24.66
24.54
23.19
21.85
22.83
22.83
22.46
20.75
20.14
20.02
20.87
21.85
22.83
23.19
23.32
24.29
25.76
26.12
26
25.39
25.02
25.02
25.02
25.02
24.41
22.71
20.63
19.53
19.16
19.16
18.8
18.31
17.7
17.33
16.85
17.09
17.94
18.68
19.65
20.51
21.61
22.71
23.07
23.19
23.19
23.07
22.95
22.83
22.46
21.73
20.51
19.78
19.04
18.8
18.8
17.94
17.33
16.97
16.36
16.97
17.94
18.92
20.14
21.36
22.09
22.58
22.58
22.58
22.95
22.71
22.83
23.07
23.56
23.93
23.19
22.95
23.19
23.56
24.05
22.46
21.73
21.85
22.34
23.32
23.8
24.41
25.27
25.88
26.25
25.76
26
25.02
24.66
24.66
24.78
24.78
25.27
24.78
23.07
22.34
21.97
22.22
22.58
20.87
20.51
20.63
21.36
22.09
22.58
23.19
23.56
25.02
26.61
26.61
26.49
25.51
25.15
25.51
25.63
25.39
25.39
24.66
22.09
21.24
20.39
20.26
20.39
19.65
19.29
19.65
20.14
21.36
22.22
23.19
23.68
24.78
26.25
26.37
25.76
25.27
24.29
24.54
24.78
24.66
24.17
22.83
21.24
20.75
20.51
20.51
21.12
20.14
19.65
19.78
20.02
19.9
19.9
19.9
18.68
19.78
17.94
20.75
19.78
17.7
19.78
15.99
20.51
17.58
19.16
20.39
17.09
18.31
18.07
18.19
18.8
17.82
16.6
17.58
17.33
16.97
16.85
16.97
17.21
17.33
18.07
20.39
16.6
17.21
17.94
17.82
20.02
13.79
18.19
17.94
18.19
18.55
18.19
18.43
18.43
17.94
17.46
16.85
16.24
16.36
17.21
17.94
18.55
19.04
22.71
17.94
13.79
18.8
22.71
22.83
21.85
22.58
22.71
21.97
20.63
19.78
18.92
18.8
18.68
18.19
17.58
17.46
16.97
17.33
18.19
19.04
20.39
21.12
22.34
22.95
23.19
23.07
22.95
23.07
23.19
23.44
23.56
23.56
22.83
22.46
22.58
22.71
22.83
21.73
21.12
20.87
20.75
21.24
21.73
22.46
23.32
23.93
24.54
24.41
24.29
23.93
24.05
24.17
24.41
24.41
24.66
24.78
23.8
22.58
21.85
21.85
21.85
20.87
20.39
20.39
20.39
21.12
22.09
23.19
24.17
24.78
25.51
25.63
25.27
24.78
24.54
24.29
24.54
24.54
24.66
24.66
23.56
22.34
21.48
21.24
21
20.51
20.02
20.14
20.14
21.24
22.22
23.32
24.05
24.9
26
26.12
25.76
25.39
25.27
25.39
25.51
